[gd_scene load_steps=6 format=3 uid="uid://c808xpmkpwnxb"]

[ext_resource type="Script" uid="uid://bwe2vxf3k3ib0" path="res://scripts/GameManager.gd" id="1_gdhsp"]
[ext_resource type="Script" uid="uid://cldm2bo1qftlf" path="res://scripts/TileManager.gd" id="2_t7oti"]
[ext_resource type="PackedScene" uid="uid://caun6mhxmr543" path="res://scenes/tiles/tile.tscn" id="3_4dl7j"]
[ext_resource type="PackedScene" uid="uid://yg6bul1ruiqr" path="res://scenes/tiles/flat.tscn" id="4_t1xur"]
[ext_resource type="PackedScene" uid="uid://8rycyialk58q" path="res://scenes/components/player.tscn" id="5_5hmyk"]

[node name="Level2Reorg" type="Node"]

[node name="SubViewportContainer" type="SubViewportContainer" parent="."]
anchors_preset = -1
anchor_right = 0.5564236
anchor_bottom = 0.20216049
offset_right = 512.0
offset_bottom = 512.0
stretch = true
metadata/_edit_use_anchors_ = true

[node name="SubViewport" type="SubViewport" parent="SubViewportContainer"]
transparent_bg = true
handle_input_locally = false
size = Vector2i(1153, 643)
render_target_update_mode = 4

[node name="DirectionalLight3D" type="DirectionalLight3D" parent="SubViewportContainer/SubViewport"]
transform = Transform3D(1, 0, 0, 0, 0.70710677, 0.7071068, 0, -0.7071068, 0.70710677, 0, 7, 5)
layers = 3

[node name="levelCamera2" type="Camera3D" parent="SubViewportContainer/SubViewport"]
transform = Transform3D(0.70710677, -0.40860698, 0.57709646, 0, 0.8161376, 0.57785755, -0.70710677, -0.40860698, 0.57709646, 20.380001, 21.875, 29)
cull_mask = 2
projection = 1
current = true
size = 15.018

[node name="GameManager" type="Node3D" parent="."]
script = ExtResource("1_gdhsp")

[node name="TileManager" type="Node3D" parent="GameManager" node_paths=PackedStringArray("End")]
transform = Transform3D(1, 0, 0, 0, 0.70710677, 0.7071068, 0, -0.7071068, 0.70710677, 0, 7, 5)
script = ExtResource("2_t7oti")
End = NodePath("Tile5")

[node name="Tile" parent="GameManager/TileManager" node_paths=PackedStringArray("neighbors") instance=ExtResource("3_4dl7j")]
transform = Transform3D(0.9999636, 0.0074456134, -0.004174209, -0.008233447, 0.7123216, -0.70180506, -0.0022520062, 0.7018138, 0.7123569, 0, -1.4142138, -8.485284)
neighbors = [null]

[node name="Tile2" parent="GameManager/TileManager" instance=ExtResource("3_4dl7j")]
transform = Transform3D(1, 0, 0, 0, 0.70710677, -0.7071068, 0, 0.7071068, 0.70710677, 0, -2.1213207, -7.778177)

[node name="Tile3" parent="GameManager/TileManager" instance=ExtResource("3_4dl7j")]
transform = Transform3D(1, 0, 0, 0, 0.70710677, -0.7071068, 0, 0.7071068, 0.70710677, 0, -2.8284273, -7.07107)

[node name="Tile4" parent="GameManager/TileManager" instance=ExtResource("3_4dl7j")]
transform = Transform3D(1, 0, 0, 0, 0.70710677, -0.7071068, 0, 0.7071068, 0.70710677, 0, -3.5355356, -6.363964)

[node name="Tile5" parent="GameManager/TileManager" instance=ExtResource("3_4dl7j")]
transform = Transform3D(1, 0, 0, 0, 0.70710677, -0.7071068, 0, 0.7071068, 0.70710677, -1, -9.192389, -6.3639617)

[node name="Tile7" parent="GameManager/TileManager" instance=ExtResource("3_4dl7j")]
transform = Transform3D(1, 0, 0, 0, 0.70710677, -0.7071068, 0, 0.7071068, 0.70710677, -2, -9.192389, -6.3639617)

[node name="Tile17" parent="GameManager/TileManager" instance=ExtResource("3_4dl7j")]
transform = Transform3D(1, 0, 0, 0, 0.70710677, -0.7071068, 0, 0.7071068, 0.70710677, -3, -9.1923895, -6.363962)

[node name="Tile18" parent="GameManager/TileManager" instance=ExtResource("3_4dl7j")]
transform = Transform3D(1, 0, 0, 0, 0.70710677, -0.7071068, 0, 0.7071068, 0.70710677, -4, -9.1923895, -6.363962)

[node name="Tile6" parent="GameManager/TileManager" instance=ExtResource("3_4dl7j")]
transform = Transform3D(1, 0, 0, 0, 0.70710677, -0.7071068, 0, 0.7071068, 0.70710677, -1, -3.5355344, -6.3639627)

[node name="Tile19" parent="GameManager/TileManager" instance=ExtResource("3_4dl7j")]
transform = Transform3D(1, 0, 0, 0, 0.70710677, -0.7071068, 0, 0.7071068, 0.70710677, -2, -3.5355344, -6.3639627)

[node name="Tile20" parent="GameManager/TileManager" instance=ExtResource("3_4dl7j")]
transform = Transform3D(1, 0, 0, 0, 0.70710677, -0.7071068, 0, 0.7071068, 0.70710677, -3, -3.5355344, -6.3639627)

[node name="Tile21" parent="GameManager/TileManager" instance=ExtResource("3_4dl7j")]
transform = Transform3D(1, 0, 0, 0, 0.70710677, -0.7071068, 0, 0.7071068, 0.70710677, -4, -3.5355363, -6.3639646)

[node name="Tile22" parent="GameManager/TileManager" instance=ExtResource("3_4dl7j")]
transform = Transform3D(1, 0, 0, 0, 0.70710677, -0.7071068, 0, 0.7071068, 0.70710677, -5, -3.5355363, -6.3639646)

[node name="Tile23" parent="GameManager/TileManager" instance=ExtResource("3_4dl7j")]
transform = Transform3D(1, 0, 0, 0, 0.70710677, -0.7071068, 0, 0.7071068, 0.70710677, -5, -4.2426405, -5.6568546)

[node name="Tile24" parent="GameManager/TileManager" instance=ExtResource("3_4dl7j")]
transform = Transform3D(1, 0, 0, 0, 0.70710677, -0.7071068, 0, 0.7071068, 0.70710677, -5, -4.94975, -4.949751)

[node name="Tile25" parent="GameManager/TileManager" instance=ExtResource("3_4dl7j")]
transform = Transform3D(1, 0, 0, 0, 0.70710677, -0.7071068, 0, 0.7071068, 0.70710677, -5, -5.6568546, -4.242642)

[node name="Tile26" parent="GameManager/TileManager" instance=ExtResource("3_4dl7j")]
transform = Transform3D(1, 0, 0, 0, 0.70710677, -0.7071068, 0, 0.7071068, 0.70710677, -5, -6.363962, -3.5355349)

[node name="Tile27" parent="GameManager/TileManager" instance=ExtResource("3_4dl7j")]
transform = Transform3D(1, 0, 0, 0, 0.70710677, -0.7071068, 0, 0.7071068, 0.70710677, -5, -7.071069, -2.8284283)

[node name="Tile28" parent="GameManager/TileManager" instance=ExtResource("3_4dl7j")]
transform = Transform3D(1, 0, 0, 0, 0.70710677, -0.7071068, 0, 0.7071068, 0.70710677, -5, -7.7781754, -2.1213217)

[node name="Tile29" parent="GameManager/TileManager" instance=ExtResource("3_4dl7j")]
transform = Transform3D(1, 0, 0, 0, 0.70710677, -0.7071068, 0, 0.7071068, 0.70710677, -5, -8.485282, -1.4142146)

[node name="Tile30" parent="GameManager/TileManager" instance=ExtResource("3_4dl7j")]
transform = Transform3D(1, 0, 0, 0, 0.70710677, -0.7071068, 0, 0.7071068, 0.70710677, -5, -9.1923895, -0.707108)

[node name="Tile31" parent="GameManager/TileManager" instance=ExtResource("3_4dl7j")]
transform = Transform3D(1, 0, 0, 0, 0.70710677, -0.7071068, 0, 0.7071068, 0.70710677, -4, -9.1923895, -0.707108)

[node name="Tile32" parent="GameManager/TileManager" instance=ExtResource("3_4dl7j")]
transform = Transform3D(1, 0, 0, 0, 0.70710677, -0.7071068, 0, 0.7071068, 0.70710677, -3, -9.1923895, -0.707108)

[node name="Tile33" parent="GameManager/TileManager" instance=ExtResource("3_4dl7j")]
transform = Transform3D(1, 0, 0, 0, 0.70710677, -0.7071068, 0, 0.7071068, 0.70710677, -2, -9.1923895, -0.707108)

[node name="Flat" parent="GameManager/TileManager" instance=ExtResource("4_t1xur")]
transform = Transform3D(1, 0, 0, 0, 0.70710677, -0.7071068, 0, 0.7071068, 0.70710677, -1, -8.838836, -0.35355473)

[node name="Flat2" parent="GameManager/TileManager" instance=ExtResource("4_t1xur")]
transform = Transform3D(1, 0, 0, 0, -0.7071069, -0.7071067, 0, 0.7071067, -0.7071069, -1, -9.545941, -0.35355377)

[node name="levelCamera" type="Camera3D" parent="GameManager"]
transform = Transform3D(0.3071067, -0.64235055, 0.11084, 0, 1.283009, 0.11098618, -0.3071067, -0.64235055, 0.11084, 20.380001, 21.875, 29)
cull_mask = 1048573
projection = 1
size = 15.018

[node name="Player" parent="GameManager" node_paths=PackedStringArray("current") instance=ExtResource("5_5hmyk")]
transform = Transform3D(1, 0, 0, 0, 1, 0, 0, 0, 1, 0, 1.5, 0)
current = NodePath("../TileManager/Tile")
