[gd_scene load_steps=6 format=3 uid="uid://c808xpmkpwnxb"]

[ext_resource type="Script" uid="uid://bwe2vxf3k3ib0" path="res://scripts/GameManager.gd" id="1_gdhsp"]
[ext_resource type="Script" uid="uid://cldm2bo1qftlf" path="res://scripts/TileManager.gd" id="2_t7oti"]
[ext_resource type="PackedScene" uid="uid://caun6mhxmr543" path="res://scenes/tiles/tile.tscn" id="3_4dl7j"]
[ext_resource type="PackedScene" uid="uid://yg6bul1ruiqr" path="res://scenes/tiles/flat.tscn" id="4_t1xur"]
[ext_resource type="PackedScene" uid="uid://8rycyialk58q" path="res://scenes/components/player.tscn" id="5_5hmyk"]

[node name="Level2Reorg" type="Node"]

[node name="SubViewportContainer" type="SubViewportContainer" parent="."]
anchors_preset = -1
anchor_right = 0.5564236
anchor_bottom = 0.20216049
offset_right = 512.0
offset_bottom = 512.0
stretch = true
metadata/_edit_use_anchors_ = true

[node name="SubViewport" type="SubViewport" parent="SubViewportContainer"]
transparent_bg = true
handle_input_locally = false
size = Vector2i(1153, 643)
render_target_update_mode = 4

[node name="DirectionalLight3D" type="DirectionalLight3D" parent="SubViewportContainer/SubViewport"]
transform = Transform3D(1, 0, 0, 0, 0.70710677, 0.7071068, 0, -0.7071068, 0.70710677, 0, 7, 5)
layers = 3

[node name="levelCamera2" type="Camera3D" parent="SubViewportContainer/SubViewport"]
transform = Transform3D(0.70710677, -0.40860698, 0.57709646, 0, 0.8161376, 0.57785755, -0.70710677, -0.40860698, 0.57709646, 20.380001, 21.875, 29)
cull_mask = 2
projection = 1
current = true
size = 15.018

[node name="GameManager" type="Node3D" parent="."]
script = ExtResource("1_gdhsp")

[node name="CanvasLayer" type="CanvasLayer" parent="GameManager"]
visible = false

[node name="Control" type="Control" parent="GameManager/CanvasLayer"]
layout_mode = 3
anchors_preset = 0
offset_right = 40.0
offset_bottom = 40.0

[node name="ColorRect" type="ColorRect" parent="GameManager/CanvasLayer/Control"]
layout_mode = 1
anchors_preset = 15
anchor_right = 1.0
anchor_bottom = 1.0
grow_horizontal = 2
grow_vertical = 2
scale = Vector2(28.759998, 16.200003)
color = Color(0.74945015, 0.9485516, 0.8714247, 1)

[node name="CanvasGroup" type="CanvasGroup" parent="GameManager/CanvasLayer"]

[node name="TileManager" type="Node3D" parent="GameManager" node_paths=PackedStringArray("End")]
transform = Transform3D(1, 0, 0, 0, 0.70710677, 0.7071068, 0, -0.7071068, 0.70710677, 0, 7, 5)
script = ExtResource("2_t7oti")
End = NodePath("Tile5")

[node name="Tile" parent="GameManager/TileManager" node_paths=PackedStringArray("paths") instance=ExtResource("3_4dl7j")]
transform = Transform3D(0.9999636, 0.0074456134, -0.004174209, -0.008233447, 0.7123216, -0.701805, -0.0022520062, 0.7018138, 0.71235687, 0, -1.4142134, -8.485282)
paths = [NodePath("../Tile2")]

[node name="Tile2" parent="GameManager/TileManager" node_paths=PackedStringArray("paths") instance=ExtResource("3_4dl7j")]
transform = Transform3D(1, 0, 0, 0, 0.70710677, -0.7071068, 0, 0.7071068, 0.70710677, 0, -2.1213202, -7.7781754)
paths = [NodePath("../Tile3"), NodePath("../Tile")]

[node name="Tile3" parent="GameManager/TileManager" node_paths=PackedStringArray("paths") instance=ExtResource("3_4dl7j")]
transform = Transform3D(1, 0, 0, 0, 0.70710677, -0.7071068, 0, 0.7071068, 0.70710677, 0, -2.828427, -7.0710683)
paths = [NodePath("../Tile2"), NodePath("../Tile4")]

[node name="Tile4" parent="GameManager/TileManager" node_paths=PackedStringArray("paths") instance=ExtResource("3_4dl7j")]
transform = Transform3D(1, 0, 0, 0, 0.70710677, -0.7071068, 0, 0.7071068, 0.70710677, 0, -3.535534, -6.3639617)
paths = [NodePath("../Tile3"), NodePath("../Tile6")]

[node name="Tile5" parent="GameManager/TileManager" node_paths=PackedStringArray("paths") instance=ExtResource("3_4dl7j")]
transform = Transform3D(1, 0, 0, 0, 0.70710677, -0.7071068, 0, 0.7071068, 0.70710677, -1, -9.192389, -6.3639617)
paths = [NodePath("../Tile7")]

[node name="Tile7" parent="GameManager/TileManager" node_paths=PackedStringArray("paths") instance=ExtResource("3_4dl7j")]
transform = Transform3D(1, 0, 0, 0, 0.70710677, -0.7071068, 0, 0.7071068, 0.70710677, -2, -9.192389, -6.3639617)
paths = [NodePath("../Tile5"), NodePath("../Tile17")]

[node name="Tile17" parent="GameManager/TileManager" node_paths=PackedStringArray("paths") instance=ExtResource("3_4dl7j")]
transform = Transform3D(1, 0, 0, 0, 0.70710677, -0.7071068, 0, 0.7071068, 0.70710677, -3, -9.192389, -6.3639617)
paths = [NodePath("../Tile7"), NodePath("../Tile18")]

[node name="Tile18" parent="GameManager/TileManager" node_paths=PackedStringArray("paths") instance=ExtResource("3_4dl7j")]
transform = Transform3D(1, 0, 0, 0, 0.70710677, -0.7071068, 0, 0.7071068, 0.70710677, -4, -9.192389, -6.3639617)
paths = [NodePath("../Tile17"), NodePath("../Flat")]

[node name="Tile6" parent="GameManager/TileManager" node_paths=PackedStringArray("paths") instance=ExtResource("3_4dl7j")]
transform = Transform3D(1, 0, 0, 0, 0.70710677, -0.7071068, 0, 0.7071068, 0.70710677, -1, -3.535534, -6.3639617)
paths = [NodePath("../Tile19"), NodePath("../Tile4")]

[node name="Tile19" parent="GameManager/TileManager" node_paths=PackedStringArray("paths") instance=ExtResource("3_4dl7j")]
transform = Transform3D(1, 0, 0, 0, 0.70710677, -0.7071068, 0, 0.7071068, 0.70710677, -2, -3.535534, -6.3639617)
paths = [NodePath("../Tile6"), NodePath("../Tile20")]

[node name="Tile20" parent="GameManager/TileManager" node_paths=PackedStringArray("paths") instance=ExtResource("3_4dl7j")]
transform = Transform3D(1, 0, 0, 0, 0.70710677, -0.7071068, 0, 0.7071068, 0.70710677, -3, -3.535534, -6.3639617)
paths = [NodePath("../Tile19"), NodePath("../Tile21")]

[node name="Tile21" parent="GameManager/TileManager" node_paths=PackedStringArray("paths") instance=ExtResource("3_4dl7j")]
transform = Transform3D(1, 0, 0, 0, 0.70710677, -0.7071068, 0, 0.7071068, 0.70710677, -4, -3.535534, -6.3639617)
paths = [NodePath("../Tile20"), NodePath("../Tile22")]

[node name="Tile22" parent="GameManager/TileManager" node_paths=PackedStringArray("paths") instance=ExtResource("3_4dl7j")]
transform = Transform3D(1, 0, 0, 0, 0.70710677, -0.7071068, 0, 0.7071068, 0.70710677, -5, -3.535534, -6.3639617)
paths = [NodePath("../Tile21"), NodePath("../Tile23")]

[node name="Tile23" parent="GameManager/TileManager" node_paths=PackedStringArray("paths") instance=ExtResource("3_4dl7j")]
transform = Transform3D(1, 0, 0, 0, 0.70710677, -0.7071068, 0, 0.7071068, 0.70710677, -5, -4.2426405, -5.6568546)
paths = [NodePath("../Tile22"), NodePath("../Tile24")]

[node name="Tile24" parent="GameManager/TileManager" node_paths=PackedStringArray("paths") instance=ExtResource("3_4dl7j")]
transform = Transform3D(1, 0, 0, 0, 0.70710677, -0.7071068, 0, 0.7071068, 0.70710677, -5, -4.9497476, -4.949748)
paths = [NodePath("../Tile23"), NodePath("../Tile25")]

[node name="Tile25" parent="GameManager/TileManager" node_paths=PackedStringArray("paths") instance=ExtResource("3_4dl7j")]
transform = Transform3D(1, 0, 0, 0, 0.70710677, -0.7071068, 0, 0.7071068, 0.70710677, -5, -5.6568546, -4.2426414)
paths = [NodePath("../Tile24"), NodePath("../Tile26")]

[node name="Tile26" parent="GameManager/TileManager" node_paths=PackedStringArray("paths") instance=ExtResource("3_4dl7j")]
transform = Transform3D(1, 0, 0, 0, 0.70710677, -0.7071068, 0, 0.7071068, 0.70710677, -5, -6.363961, -3.5355344)
paths = [NodePath("../Tile25"), NodePath("../Tile27")]

[node name="Tile27" parent="GameManager/TileManager" node_paths=PackedStringArray("paths") instance=ExtResource("3_4dl7j")]
transform = Transform3D(1, 0, 0, 0, 0.70710677, -0.7071068, 0, 0.7071068, 0.70710677, -5, -7.071068, -2.8284278)
paths = [NodePath("../Tile26"), NodePath("../Tile28")]

[node name="Tile28" parent="GameManager/TileManager" node_paths=PackedStringArray("paths") instance=ExtResource("3_4dl7j")]
transform = Transform3D(1, 0, 0, 0, 0.70710677, -0.7071068, 0, 0.7071068, 0.70710677, -5, -7.7781744, -2.1213212)
paths = [NodePath("../Tile27"), NodePath("../Tile29")]

[node name="Tile29" parent="GameManager/TileManager" node_paths=PackedStringArray("paths") instance=ExtResource("3_4dl7j")]
transform = Transform3D(1, 0, 0, 0, 0.70710677, -0.7071068, 0, 0.7071068, 0.70710677, -5, -8.485282, -1.4142141)
paths = [NodePath("../Tile28"), NodePath("../Tile30")]

[node name="Tile30" parent="GameManager/TileManager" node_paths=PackedStringArray("paths") instance=ExtResource("3_4dl7j")]
transform = Transform3D(1, 0, 0, 0, 0.70710677, -0.7071068, 0, 0.7071068, 0.70710677, -5, -9.192389, -0.70710754)
paths = [NodePath("../Tile29"), NodePath("../Tile31")]

[node name="Tile31" parent="GameManager/TileManager" node_paths=PackedStringArray("paths") instance=ExtResource("3_4dl7j")]
transform = Transform3D(1, 0, 0, 0, 0.70710677, -0.7071068, 0, 0.7071068, 0.70710677, -4, -9.192389, -0.70710754)
paths = [NodePath("../Tile30"), NodePath("../Tile32")]

[node name="Tile32" parent="GameManager/TileManager" node_paths=PackedStringArray("paths") instance=ExtResource("3_4dl7j")]
transform = Transform3D(1, 0, 0, 0, 0.70710677, -0.7071068, 0, 0.7071068, 0.70710677, -3, -9.192389, -0.70710754)
paths = [NodePath("../Tile31"), NodePath("../Tile33")]

[node name="Tile33" parent="GameManager/TileManager" node_paths=PackedStringArray("paths") instance=ExtResource("3_4dl7j")]
transform = Transform3D(1, 0, 0, 0, 0.70710677, -0.7071068, 0, 0.7071068, 0.70710677, -2, -9.192389, -0.70710754)
paths = [NodePath("../Tile32"), NodePath("../Flat")]

[node name="Flat" parent="GameManager/TileManager" node_paths=PackedStringArray("paths") instance=ExtResource("4_t1xur")]
transform = Transform3D(1, 0, 0, 0, 0.70710677, -0.7071068, 0, 0.7071068, 0.70710677, -1, -8.838836, -0.35355377)
paths = [NodePath("../Tile33"), NodePath("../Tile18")]

[node name="Flat2" parent="GameManager/TileManager" instance=ExtResource("4_t1xur")]
transform = Transform3D(1, 0, 0, 0, -0.7071069, -0.7071067, 0, 0.7071067, -0.7071069, -1, -9.545941, -0.35355377)

[node name="levelCamera" type="Camera3D" parent="GameManager"]
transform = Transform3D(0.3071067, -0.64235055, 0.11084, 0, 1.283009, 0.11098618, -0.3071067, -0.64235055, 0.11084, 20.380001, 21.875, 29)
cull_mask = 1048573
projection = 1
size = 15.018

[node name="Player" parent="GameManager" node_paths=PackedStringArray("current") instance=ExtResource("5_5hmyk")]
transform = Transform3D(1, 0, 0, 0, 1, 0, 0, 0, 1, 0, 1.5, 0)
current = NodePath("../TileManager/Tile")
