[gd_scene load_steps=6 format=3 uid="uid://b1ofbvm7idnbo"]

[ext_resource type="Script" uid="uid://bwe2vxf3k3ib0" path="res://scripts/GameManager.gd" id="1_1wb1x"]
[ext_resource type="Script" uid="uid://cldm2bo1qftlf" path="res://scripts/TileManager.gd" id="2_ebjys"]
[ext_resource type="PackedScene" uid="uid://caun6mhxmr543" path="res://scenes/components/tile.tscn" id="3_2nso3"]
[ext_resource type="PackedScene" uid="uid://yg6bul1ruiqr" path="res://scenes/components/flat.tscn" id="4_s4xnt"]
[ext_resource type="PackedScene" uid="uid://8rycyialk58q" path="res://scenes/components/player.tscn" id="5_jb24o"]

[node name="LevelRotation" type="Node"]

[node name="SubViewportContainer" type="SubViewportContainer" parent="."]
anchors_preset = -1
anchor_right = 0.5564236
anchor_bottom = 0.20216049
offset_right = 512.0
offset_bottom = 512.0
stretch = true
metadata/_edit_use_anchors_ = true

[node name="SubViewport" type="SubViewport" parent="SubViewportContainer"]
transparent_bg = true
handle_input_locally = false
size = Vector2i(1153, 643)
render_target_update_mode = 4

[node name="DirectionalLight3D" type="DirectionalLight3D" parent="SubViewportContainer/SubViewport"]
transform = Transform3D(1, 0, 0, 0, 0.70710677, 0.7071068, 0, -0.7071068, 0.70710677, 0, 7, 5)
layers = 3

[node name="levelCamera2" type="Camera3D" parent="SubViewportContainer/SubViewport"]
transform = Transform3D(0.70710677, -0.40860698, 0.57709646, 0, 0.8161376, 0.57785755, -0.70710677, -0.40860698, 0.57709646, 20.380001, 21.875, 29)
cull_mask = 2
projection = 1
current = true
size = 15.018

[node name="GameManager" type="Node3D" parent="."]
script = ExtResource("1_1wb1x")

[node name="CanvasLayer" type="CanvasLayer" parent="GameManager"]
visible = false

[node name="Control" type="Control" parent="GameManager/CanvasLayer"]
layout_mode = 3
anchors_preset = 0
offset_right = 40.0
offset_bottom = 40.0

[node name="ColorRect" type="ColorRect" parent="GameManager/CanvasLayer/Control"]
layout_mode = 1
anchors_preset = 15
anchor_right = 1.0
anchor_bottom = 1.0
grow_horizontal = 2
grow_vertical = 2
scale = Vector2(28.759998, 16.200003)
color = Color(0.74945015, 0.9485516, 0.8714247, 1)

[node name="CanvasGroup" type="CanvasGroup" parent="GameManager/CanvasLayer"]

[node name="TileManager" type="Node3D" parent="GameManager" node_paths=PackedStringArray("End")]
transform = Transform3D(1, 0, 0, 0, 0.70710677, 0.7071068, 0, -0.7071068, 0.70710677, 0, 7, 5)
script = ExtResource("2_ebjys")
End = NodePath("1")

[node name="1" parent="GameManager/TileManager" node_paths=PackedStringArray("paths") instance=ExtResource("3_2nso3")]
transform = Transform3D(1, 0, 0, 0, 0.70710677, -0.7071068, 0, 0.7071068, 0.70710677, 2, -4.2426424, -11.313713)
paths = [NodePath("../21")]

[node name="2" parent="GameManager/TileManager" node_paths=PackedStringArray("paths") instance=ExtResource("3_2nso3")]
transform = Transform3D(1, 0, 0, 0, 0.70710677, -0.7071068, 0, 0.7071068, 0.70710677, 1, -4.2426453, -11.313719)
paths = [NodePath("../3"), NodePath("../15")]

[node name="3" parent="GameManager/TileManager" node_paths=PackedStringArray("paths") instance=ExtResource("3_2nso3")]
transform = Transform3D(1, 0, 0, 0, 0.70710677, -0.7071068, 0, 0.7071068, 0.70710677, 0, -4.242643, -11.313713)
paths = [NodePath("../4"), NodePath("../2")]

[node name="4" parent="GameManager/TileManager" node_paths=PackedStringArray("paths") instance=ExtResource("3_2nso3")]
transform = Transform3D(1, 0, 0, 0, 0.70710677, -0.7071068, 0, 0.7071068, 0.70710677, 0, -3.5355363, -10.606606)
paths = [NodePath("../5"), NodePath("../3")]

[node name="5" parent="GameManager/TileManager" node_paths=PackedStringArray("paths") instance=ExtResource("3_2nso3")]
transform = Transform3D(1, 0, 0, 0, 0.70710677, -0.7071068, 0, 0.7071068, 0.70710677, 0, -2.8284287, -9.899501)
paths = [NodePath("../6"), NodePath("../4")]

[node name="6" parent="GameManager/TileManager" node_paths=PackedStringArray("paths") instance=ExtResource("3_2nso3")]
transform = Transform3D(1, 0, 0, 0, 0.70710677, -0.7071068, 0, 0.7071068, 0.70710677, 0, -2.121321, -9.19239)
paths = [NodePath("../14"), NodePath("../5")]

[node name="7" parent="GameManager/TileManager" node_paths=PackedStringArray("paths") instance=ExtResource("3_2nso3")]
transform = Transform3D(0.9999636, 0.0074456134, -0.004174209, -0.008233447, 0.7123216, -0.701805, -0.0022520062, 0.7018138, 0.71235687, 0, -1.4142134, -8.485282)
paths = [NodePath("../8")]

[node name="8" parent="GameManager/TileManager" node_paths=PackedStringArray("paths") instance=ExtResource("3_2nso3")]
transform = Transform3D(1, 0, 0, 0, 0.70710677, -0.7071068, 0, 0.7071068, 0.70710677, -1, -1.4142138, -8.485283)
paths = [NodePath("../9"), NodePath("../7")]

[node name="9" parent="GameManager/TileManager" node_paths=PackedStringArray("paths") instance=ExtResource("3_2nso3")]
transform = Transform3D(1, 0, 0, 0, 0.70710677, -0.7071068, 0, 0.7071068, 0.70710677, -2, -1.4142144, -8.485285)
paths = [NodePath("../8"), NodePath("../10")]

[node name="10" parent="GameManager/TileManager" node_paths=PackedStringArray("paths") instance=ExtResource("3_2nso3")]
transform = Transform3D(1, 0, 0, 0, 0.70710677, -0.7071068, 0, 0.7071068, 0.70710677, -2.9999998, -1.4163225, -8.47988)
paths = [NodePath("../9"), NodePath("../11")]

[node name="11" parent="GameManager/TileManager" node_paths=PackedStringArray("paths") instance=ExtResource("3_2nso3")]
transform = Transform3D(1, 0, 0, 0, 0.70710677, -0.7071068, 0, 0.7071068, 0.70710677, -4, -1.4142158, -8.485284)
paths = [NodePath("../10"), NodePath("../12")]

[node name="12" parent="GameManager/TileManager" node_paths=PackedStringArray("paths") instance=ExtResource("3_2nso3")]
transform = Transform3D(1, 0, 0, 0, 0.70710677, -0.7071068, 0, 0.7071068, 0.70710677, -4, -2.121323, -7.778179)
paths = [NodePath("../11"), NodePath("../13")]

[node name="13" parent="GameManager/TileManager" node_paths=PackedStringArray("paths") instance=ExtResource("3_2nso3")]
transform = Transform3D(1, 0, 0, 0, 0.70710677, -0.7071068, 0, 0.7071068, 0.70710677, -4, -2.8284316, -7.0710764)
paths = [NodePath("../12"), NodePath("../14")]

[node name="14" parent="GameManager/TileManager" node_paths=PackedStringArray("paths") instance=ExtResource("3_2nso3")]
transform = Transform3D(1, 0, 0, 0, 0.70710677, -0.7071068, 0, 0.7071068, 0.70710677, -4, -3.5355344, -6.363962)
paths = [NodePath("../13"), NodePath("../15")]

[node name="15" parent="GameManager/TileManager" node_paths=PackedStringArray("paths") instance=ExtResource("3_2nso3")]
transform = Transform3D(1, 0, 0, 0, 0.70710677, -0.7071068, 0, 0.7071068, 0.70710677, -4, -4.2426424, -5.656857)
paths = [NodePath("../14"), NodePath("../16")]

[node name="16" parent="GameManager/TileManager" node_paths=PackedStringArray("paths") instance=ExtResource("3_2nso3")]
transform = Transform3D(1, 0, 0, 0, 0.70710677, -0.7071068, 0, 0.7071068, 0.70710677, -4, -4.9497485, -4.949749)
paths = [NodePath("../15"), NodePath("../17")]

[node name="17" parent="GameManager/TileManager" node_paths=PackedStringArray("paths") instance=ExtResource("3_2nso3")]
transform = Transform3D(1, 0, 0, 0, 0.70710677, -0.7071068, 0, 0.7071068, 0.70710677, -4, -5.6568556, -4.2426424)
paths = [NodePath("../16"), NodePath("../18")]

[node name="18" parent="GameManager/TileManager" node_paths=PackedStringArray("paths") instance=ExtResource("3_2nso3")]
transform = Transform3D(1, 0, 0, 0, 0.70710677, -0.7071068, 0, 0.7071068, 0.70710677, -4, -6.363963, -3.5355358)
paths = [NodePath("../17"), NodePath("../19")]

[node name="19" parent="GameManager/TileManager" node_paths=PackedStringArray("paths") instance=ExtResource("3_2nso3")]
transform = Transform3D(1, 0, 0, 0, 0.70710677, -0.7071068, 0, 0.7071068, 0.70710677, -4, -7.0710697, -2.8284292)
paths = [NodePath("../18"), NodePath("../20")]

[node name="20" parent="GameManager/TileManager" node_paths=PackedStringArray("paths") instance=ExtResource("3_2nso3")]
transform = Transform3D(1, 0, 0, 0, 0.70710677, -0.7071068, 0, 0.7071068, 0.70710677, -4, -7.7781763, -2.121323)
paths = [NodePath("../19"), NodePath("../21")]

[node name="21" parent="GameManager/TileManager" node_paths=PackedStringArray("paths") instance=ExtResource("3_2nso3")]
transform = Transform3D(1, 0, 0, 0, 0.70710677, -0.7071068, 0, 0.7071068, 0.70710677, -3, -7.7781763, -2.121323)
paths = [NodePath("../20"), NodePath("../22")]

[node name="22" parent="GameManager/TileManager" node_paths=PackedStringArray("paths") instance=ExtResource("3_2nso3")]
transform = Transform3D(1, 0, 0, 0, 0.70710677, -0.7071068, 0, 0.7071068, 0.70710677, -2, -7.778178, -2.121325)
paths = [NodePath("../21"), NodePath("../23")]

[node name="23" parent="GameManager/TileManager" node_paths=PackedStringArray("paths") instance=ExtResource("3_2nso3")]
transform = Transform3D(1, 0, 0, 0, 0.70710677, -0.7071068, 0, 0.7071068, 0.70710677, -1, -7.778178, -2.121325)
paths = [NodePath("../22"), NodePath("../24")]

[node name="24" parent="GameManager/TileManager" node_paths=PackedStringArray("paths") instance=ExtResource("3_2nso3")]
transform = Transform3D(1, 0, 0, 0, 0.70710677, -0.7071068, 0, 0.7071068, 0.70710677, 0, -7.778178, -2.121325)
paths = [NodePath("../23")]

[node name="Flat" parent="GameManager/TileManager" node_paths=PackedStringArray("paths") instance=ExtResource("4_s4xnt")]
transform = Transform3D(1, 0, 0, 0, 0.70710677, -0.7071068, 0, 0.7071068, 0.70710677, 4, -12.374371, 4.5961924)
paths = [NodePath("../24"), NodePath("../19")]

[node name="Flat2" parent="GameManager/TileManager" instance=ExtResource("4_s4xnt")]
transform = Transform3D(1, 0, 0, 0, -0.7071069, -0.7071067, 0, 0.7071067, -0.7071069, 5, -13.081476, 4.5961933)

[node name="levelCamera" type="Camera3D" parent="GameManager"]
transform = Transform3D(0.3071067, -0.64235055, 0.11084, 0, 1.283009, 0.11098618, -0.3071067, -0.64235055, 0.11084, 20.380001, 21.875, 29)
cull_mask = 1048573
projection = 1
size = 15.018

[node name="Player" parent="GameManager" node_paths=PackedStringArray("current") instance=ExtResource("5_jb24o")]
transform = Transform3D(1, 0, 0, 0, 1, 0, 0, 0, 1, 0, 1.5, 0)
current = NodePath("../TileManager/7")
